0.0045334566
0.0072123613
-0.0055655381
-0.0220528301
-0.0045254617
0.0038179541
0.0146809788
0.0076224413
0.0100837294
0.0102373594
-0.0121835098
0.0096872002
-0.0025928875
-0.0056689470
0.0018192386
-0.0002731948
0.0101524955
-0.0031620241
0.0013155367
-0.0028876406
-0.0059727593
-0.0030501266
-0.0131957671
-0.0020247069
-0.0018686113
-0.0101514161
0.0094614448
-0.0137223816
0.0009420366
0.0001607255
-0.0090729007
0.0050373231
0.0085090362
-0.0001185388
0.0024477670
-0.0020993976
0.0061452207
-0.0024621033
-0.0058918833
-0.0068164617
-0.0129067451
0.0071504731
-0.0012964660
-0.0044725738
0.0121140601
-0.0006085985
-0.0003652648
0.0004195019
0.0108331488
0.0012247346
0.0010421360
0.0094449772
0.0051011397
0.0035941938
-0.0144491801
0.0072767138
0.0053608860
-0.0136960372
-0.0041264337
-0.0002323039
-0.0035035370
-0.0052367509
0.0085745426
-0.0187686495
0.0130915623
-0.0031532887
0.0144723710
0.0084680812
-0.0098142950
-0.0090816645
-0.0116756288
0.0008032671
0.0138010019
0.0016609505
0.0005519065
-0.0116715562
0.0059451419
-0.0120113622
0.0086281197
-0.0021742624
0.0044481438
0.0005149737
-0.0001610139
-0.0094432756
-0.0021818159
-0.0054179071
0.0041085649
-0.0127517283
0.0114022195
0.0002210404
-0.0114555368
0.0073470552
0.0042153886
0.0008658363
-0.0031447406
0.0080316467
-0.0034693405
-0.0008172257
0.0051571806
-0.0091223884
0.0054382603
0.0052019078
0.0000581699
-0.0031412374
0.0150990132
-0.0069460957
0.0010352361
-0.0050883438
-0.0094096232
-0.0044902591
0.0048185796
-0.0126560964
-0.0039277701
0.0062109516
0.0128444359
0.0012760942
0.0115006166
0.0047960877
-0.0044910586
0.0079509914
0.0040678773
0.0138151255
0.0106379958
0.0034428961
-0.0052622529
0.0253281817
0.0098976241
-0.0066537061
0.0019968771
-0.0111636417
0.0068133441
0.0008845207
-0.0001697389
0.0045860405
0.0077272705
-0.0047250181
-0.0007779397
-0.0132468333
0.0053346003
0.0026327299
0.0147928447
-0.0030586249
-0.0094961124
-0.0021358444
0.0087629333
0.0069346558
-0.0158549156
0.0011320272
0.0113701699
0.0064451466
0.0014344715
-0.0122308424
-0.0012159774
-0.0009401640
-0.0067963721
-0.0095881959
-0.0026872316
-0.0046764226
-0.0072653149
0.0046989527
-0.0074807485
0.0139328251
-0.0133479508
-0.0019712900
-0.0087985219
-0.0022161826
-0.0056634005
-0.0005103194
0.0189092103
-0.0037414662
-0.0072779520
-0.0128520541
-0.0082004881
-0.0025861817
-0.0020992749
-0.0017865410
-0.0008339073
-0.0087813260
-0.0158589389
0.0037347632
-0.0079791099
0.0052122716
0.0172998980
0.0167712662
-0.0024786459
-0.0083560031
-0.0142080048
-0.0020687282
-0.0058745714
-0.0114075104
-0.0020109357
-0.0124817956
-0.0015051232
0.0025437581
-0.0108596431
-0.0031242971
0.0041366876
-0.0189565383
-0.0084506515
0.0046308856
0.0055865403
0.0098881479
0.0016505122
-0.0026484863
0.0120983412
0.0044760699
-0.0062917732
-0.0071268142
-0.0154944649
-0.0037390129
0.0106633054
-0.0124768876
-0.0059329094
0.0109505011
0.0030967251
0.0091865836
-0.0009634824
-0.0072408859
0.0021282719
-0.0097889192
-0.0042096097
-0.0041830605
0.0083484855
0.0001406512
-0.0048131701
0.0132959476
-0.0042701419
0.0070026806
0.0048028231
-0.0080713443
-0.0104933316
0.0019608061
0.0070987227
-0.0029343090
0.0015111037
0.0076772771
-0.0091932248
-0.0066224467
-0.0158666130
-0.0076487632
-0.0041878535
-0.0084078796
-0.0031295866
-0.0010495130
-0.0102012344
-0.0039265910
-0.0013660735
-0.0071171974
0.0002235035
0.0063263057
0.0013382953
-0.0070640519
-0.0152348587
0.0028836168
0.0004004867
0.0152550517
