-0.0966578573
-0.1017039642
0.0912171155
-0.0383092128
-0.1161255762
-0.0863962546
-0.1479763091
0.0496238843
-0.0722753108
0.0269545130
0.1334306300
-0.0279571880
-0.0527668707
0.1089138985
-0.0417836457
-0.1501864940
0.0486233681
0.0079949042
-0.0566373840
-0.0720271394
-0.0930316448
0.0955589488
0.1086533219
0.0416905694
-0.0461456589
-0.1301181167
-0.0456842743
0.0819002837
-0.0762528256
0.0414859951
-0.1194410101
-0.1219806522
-0.1064740270
0.0486081801
-0.0341276340
-0.0750277936
-0.1244223565
-0.1029272154
-0.1139063090
0.0774516314
0.0238084588
-0.1324466318
0.0598602593
-0.0061181760
-0.1114017367
0.1227152646
0.0167730376
-0.1313572228
-0.0508578829
-0.1343613863
-0.1151845679
-0.0410168432
-0.0266464073
0.0902190357
0.1384622604
0.1074534133
0.0391348265
0.0542099513
-0.0428758934
0.1028137282
-0.0646978021
-0.1450235248
-0.0887089819
0.0072911894
-0.0639390275
-0.1123997495
0.1285536885
0.0672402531
-0.0152301388
0.1265537739
0.0040773302
0.1006563678
-0.1325674355
0.0439423211
-0.0402284674
0.0249316990
0.1019177809
0.1051553190
-0.0647292882
-0.0525610819
0.0282152276
-0.0228330288
-0.0006776382
0.0207539573
0.1035096571
0.1207353696
-0.0617233589
0.0541339330
-0.0328040533
-0.0657279938
0.1030836850
0.1009788886
-0.1193305105
-0.1342130005
-0.0669446215
-0.0951549411
-0.1087273285
-0.0986599624
-0.0385581926
-0.0863335505
-0.1197144091
-0.0148787424
0.0999924988
0.0989892632
0.0888383612
0.0131475925
0.0544868372
0.1262222826
0.0802719817
-0.0084921326
0.0805377290
0.0636224300
0.0779660195
-0.0480220541
0.0181849319
0.0442981869
0.1580130011
0.0074093975
0.1314409077
-0.1312239319
-0.1203494966
0.0905730501
-0.0615035444
0.1052095890
-0.0643589646
0.0314770415
0.1132532582
0.1344863325
0.0320466347
0.1204240397
-0.0546616688
0.0560182519
0.0246794410
-0.1592192799
0.0460994877
0.0391242579
0.0973617285
0.1292325854
0.0812663585
-0.0214489084
0.0644165277
0.0255265459
-0.1018227711
0.0085199969
0.1026481763
-0.0652484298
-0.1006502062
0.0557027832
-0.1086467877
0.1388392150
-0.0313793868
-0.0612218864
0.1234117225
-0.0181462318
0.1126319543
-0.0078200912
0.0117751257
-0.0744327679
0.1225632504
-0.1138212979
-0.0019929691
-0.0551857315
0.0541314743
0.0021118559
0.0733300596
0.0070967940
-0.0863480493
-0.1157343388
0.1355238110
-0.0081256023
-0.1405722052
-0.0561956055
0.0714427009
0.1011734381
0.1201209947
0.0072360896
-0.1238191426
0.0451981500
0.1005371213
0.1456497461
0.1121847779
-0.1353927702
-0.0357513167
0.0955934227
-0.0088087479
-0.1341040134
0.0401483923
0.0634178668
0.0887737572
-0.0492842905
-0.1376948804
-0.0345228873
0.1065121740
-0.0847117007
0.0419468433
0.0570168868
0.0234721173
-0.0462874062
-0.0157523677
-0.1124981418
-0.1561271995
0.0752302036
0.0345777236
0.0818710178
-0.0751403570
-0.0518775173
0.1305598915
0.1321364790
-0.1188238934
-0.0000307022
0.1154621989
0.1354506314
0.0781998709
-0.0738023445
-0.0323363356
-0.0132909184
-0.0520724319
-0.1161266416
0.0518739894
-0.0967729464
0.1047920138
0.0816150084
-0.1317882836
-0.0279246531
0.0539402924
0.1468509734
0.0198794268
-0.0723375976
0.0445419513
-0.0073639005
0.0953842998
0.1315465420
-0.0903929472
-0.0277078841
0.0517590791
0.1529843062
0.0203169361
0.1445760131
0.0241712686
0.1002839133
-0.0627969578
0.1203774810
-0.1360774636
-0.0474148653
-0.1155908778
0.1180828735
-0.1325422525
-0.0473673642
-0.0208519548
-0.0740987360
-0.0183699131
-0.1307653040
-0.1180913001
-0.1400888115
0.0665286407
-0.0490437634
