23.6678131847
24.2351893063
20.1415736161
23.0610002763
10.7448489212
7.4819003477
7.1282856325
6.9084521975
5.8660596106
5.4129391109
5.6598241450
6.4459836091
4.5195678540
4.5447598685
4.8635959216
4.2038592415
4.7054056115
5.1207170413
4.9685746887
5.3043581083
5.5139698653
5.1138728240
4.0764620927
3.5330253243
3.8837290543
4.0086570647
3.6465733354
3.1789645127
2.9150848270
2.6159813557
4.7682696147
1.6438539336
1.4019509203
1.1564160209
1.1132472566
0.9263923124
0.7830818821
0.7873640272
0.7688752701
0.6808646891
0.6819522285
0.6430921844
0.6390180936
0.6903343777
0.6873612973
0.6856639451
0.6306997608
0.6586309730
0.6607443124
0.7268941550
0.8659302864
0.8399454797
0.6664923318
0.6231591285
0.6736181492
0.6810678860
0.6403321328
0.5526568697
0.5484544682
0.4908019899
