-115.5681930793
76.5172388232
21.3389824552
15.4965296083
-5.4305172914
-0.2643136609
3.9065212952
-1.2876359412
-1.1560930022
-1.2473672852
-1.1031781322
-3.7484829314
-4.3033155438
-3.0366715745
-4.3015672307
-3.0343325153
-2.4324465793
-2.7208539456
-2.7868650600
-2.8210096981
-3.0758214236
-2.1094486822
-2.1620644249
-0.9337668828
-0.5076249385
0.3748248498
0.1697295464
0.5492290612
0.3901750772
0.2996505663
9.4681107408
3.9026212876
3.5373817751
3.1181502835
2.9119040140
2.6156993142
2.3758160106
2.2690432086
2.2047485439
2.0739742513
2.0333959627
1.9570385227
1.9076851224
1.8924173904
1.8049764589
1.8168650877
1.7335764847
1.6396123128
1.6529949327
1.5542164559
1.6671212325
1.4860618362
1.4683379724
1.3539306318
1.4164303542
1.3646895859
1.3030780071
1.2174596132
1.1992701068
1.1326439537
